
1.0
0.9878073561251784
0.9762093545089898
0.9651769941062645
0.9546826882694954
0.9447001957678511
0.9352045551704294
0.9261720224296783
0.9175800115089098
0.9094070379054433
0.9016326649281583
0.8942374525951217
0.8872029090235065
0.880511444190254
0.8741463259478524
0.8680916381852537
0.8623322410293054
0.8568537329871817
0.8516424149351498
0.8466852558636253
0.8419698602928606
0.8374844372777889
0.8332177709245199
0.8291591923447633
0.8252985529780505
0.8216261992150475
0.8181329482585031
0.8148100651614729
0.8116492409854016
0.8086425720234494
0.8057825400371075
0.8030619934566857
0.8004741294986638
0.7980124771551885
0.7956708810131836
0.7934434858626113
0.7913247220553966
0.7893092915784069
0.7873921548056587
0.7855685178966284
0.7838338208091532
0.7821837258969511
0.7806141070632455
0.7791210394433742
0.7777007895905834
0.7763498061404661
0.775064710930701
0.7738422905538874
0.7726794883223531
0.7715733966248426
0.7705212496559747
0.7695204165002882
0.7685683945535835
0.7676628032651074
0.7668013781849374
0.7659819653016768
0.7652025156563045
0.7644610802187096
0.7637558050141018
0.7630849264871081
0.762446767091966
0.7618397310977852
0.7612623005983894
0.7607130317167601
0.7601905509945915
0.7596935519579305
0.75922079185031
0.7587710885252112
0.7583433174900815
0.757936409094517
0.7575493458555796
0.7571811599135598
0.7568309306118232
0.7564977821946889
0.7561808816175849
0.7558794364640022
0.7555926929640414
0.7553199341095943
0.7550604778614511
0.7548136754438467
0.7545789097221836
0.7543555936598734
0.7541431688504403
0.7539411041212136
0.7537488942051195
0.7535660584772498
0.7533921397530502
0.75322670314512
0.7530693349757671
0.7529196417425988
0.7527772491345606
0.7526418010959631
0.7525129589361584
0.7523904004826358
0.7522738192754239
0.7521629238007802
0.752057436762255
0.7519570943873064
0.7518616457677311
0.751770852232263
0.7516844867497714
0.7516023333615641
0.7515241866413789
0.7514498511817105
0.7513791411051902
0.7513118795997954
0.7512478984767276
0.7511870377498528
0.7511291452356532
0.7510740761726881
0.7510216928596161
0.750971864310869
0.7509244659291208
0.750879379193728
0.7508364913643678
0.7507956951991274
0.7507568886863439
0.750719974789522
0.7506848612046921
0.7506514601296022
0.7506196880441666
0.7505894655016225
0.7505607169298715
0.7505333704425095
0.750507357659074
0.7504826135340569
0.7504590761942572
0.7504366867840653
0.7504153893182934
0.7503951305421841
0.7503758597982444
0.750357528899577
0.750340092009387
0.7503235055263665
0.7503077279756684
0.7502927199051977
0.7502784437869612
0.7502648639232269
0.7502519463572621
0.7502396587884235
0.7502279704913887
0.7502168522393268
0.7502062762308165
0.7501962160203277
0.7501866464520942
0.7501775435972107
0.7501688846937985
0.7501606480900889
0.7501528131902824
0.7501453604030485
0.750138271092537
0.750131527531779
0.7501251128583601
0.7501190110322555
0.7501132067957217
0.750107685635144
0.750102433744745
0.7500974379920632
0.7500926858851148
0.7500881655411571
0.7500838656569756
0.7500797754806203
0.7500758847845197
0.750072183839907
0.750068663392493
0.7500653146393255
0.750062129206777
0.7500590991296071
0.7500562168310447
0.7500534751038419
0.7500508670922527
0.7500483862748896
0.7500460264484169
0.7500437817120394
0.750041646452747
0.7500396153312789
0.7500376832687738
0.7500358454340691
0.7500340972316205
0.7500324342900114
0.7500308524510216
0.7500293477592298
0.7500279164521225
0.7500265549506866
0.7500252598504593
0.7500240279130154
0.7500228560578696
0.7500217413547736
0.7500206810163892
0.750019672391318
0.7500187129574719
0.7500178003157667
0.7500169321841227
0.7500161063917586
0.7500153208737633
0.7500145736659327
0.750013862899858
0.7500131867982539
0.7500125436705141
0.7500119319084843
0.7500113499824406
0.7500107964372651
0.7500102698888064
0.7500097690204189
0.7500092925796711
0.7500088393752126
0.7500084082737964
0.7500079981974445
0.7500076081207521
0.7500072370683245
0.7500068841123374
0.750006548370217
0.7500062290024329
0.7500059252103994
0.7500056362344784
0.7500053613520792
0.7500050998758528
0.7500048511519725
0.750004614558499
0.7500043895038253
0.7500041754251976
0.7500039717873077
0.750003778080955
0.7500035938217725
0.7500034185490164
0.7500032518244135
0.7500030932310654
0.7500029423724063
0.7500027988712107
0.750002662368651
0.7500025325233997
0.750002409010776
0.7500022915219341
0.7500021797630906
0.7500020734547902
0.7500019723312068
0.7500018761394788
0.7500017846390766
0.7500016976012018
0.7500016148082143
0.7500015360530883
0.7500014611388952
0.7500013898783104
0.7500013220931453
0.7500012576139018
0.750001196279348
0.7500011379361158
0.7500010824383165
0.7500010296471769
0.7500009794306916
0.7500009316632931
0.7500008862255381
0.7500008430038085
0.7500008018900276
0.7500007627813895
0.7500007255801021
0.750000690193143
0.7500006565320262
0.7500006245125814
0.7500005940547435
0.7500005650823518
0.7500005375229603
0.7500005113076561
0.7500004863708875
0.7500004626502994
0.7500004400865781
0.7500004186233024
0.750000398206803
0.750000378786028
0.7500003603124155
0.7500003427397716
0.7500003260241557
0.75000031012377
0.7500002949988552
0.7500002806115913
0.7500002669260025
0.7500002539078677
0.750000241524635
0.7500002297453394
0.750000218540527
0.7500002078821798
0.7500001977436462
0.7500001880995748
0.7500001789258502
0.7500001701995336
0.7500001618988044
0.7500001540029065
0.7500001464920961
0.7500001393475924
0.7500001325515301
0.7500001260869157
0.7500001199375842
0.7500001140881591
0.750000108524014
0.7500001032312354
0.7500000981965886
0.7500000934074845
0.7500000888519477
0.7500000845185871
0.750000080396567
0.7500000764755801
0.750000072745822
0.7500000691979665
0.7500000658231418
0.7500000626129093
0.7500000595592416
0.7500000566545032
0.7500000538914304
0.7500000512631144
0.7500000487629828
0.750000046384784
0.7500000441225715
0.7500000419706883
0.7500000399237536
0.7500000379766492
0.7500000361245062
0.7500000343626932
0.7500000326868049
0.7500000310926506
0.7500000295762441
0.7500000281337936
0.7500000267616924
0.7500000254565092
0.7500000242149806
0.750000023034002
0.7500000219106205
0.750000020842027
0.7500000198255493
0.7500000188586459
0.7500000179388988
0.7500000170640084
0.7500000162317869
0.7500000154401534
0.7500000146871282
0.7500000139708285
0.7500000132894631
0.7500000126413283
0.7500000120248035
0.7500000114383469
0.7500000108804922
0.7500000103498443
0.7500000098450764
0.7500000093649264
0.7500000089081935
0.7500000084737358
0.7500000080604668
0.7500000076673532
0.750000007293412
0.7500000069377081
0.7500000065993521
0.7500000062774979
0.7500000059713408
0.7500000056801149
0.7500000054030925
0.7500000051395805
0.7500000048889203
0.7500000046504848
0.750000004423678
0.7500000042079327
0.7500000040027094
0.750000003807495
0.7500000036218012
0.7500000034451639
0.7500000032771412
0.7500000031173132
0.75000000296528
0.7500000028206616
0.7500000026830963
0.7500000025522402
0.750000002427766
0.7500000023093624
0.7500000021967335
0.7500000020895975
0.7500000019876867
0.750000001890746
0.7500000017985332
0.7500000017108177
0.7500000016273802
0.7500000015480119
0.7500000014725144
0.7500000014006991
0.7500000013323862
0.750000001267405
0.7500000012055928
0.7500000011467954
0.7500000010908655
0.7500000010376634
0.750000000987056
0.7500000009389167
0.7500000008931251
0.750000000849567
0.7500000008081331
0.75000000076872
0.7500000007312291
0.7500000006955666
0.7500000006616434
0.7500000006293747
0.7500000005986797
0.7500000005694818
0.7500000005417078
0.7500000005152884
0.7500000004901575
0.7500000004662523
0.7500000004435129
0.7500000004218824
0.750000000401307
0.7500000003817351
0.7500000003631176
0.7500000003454081
0.7500000003285624
0.7500000003125382
0.7500000002972955
0.7500000002827962
0.7500000002690042
0.7500000002558846
0.750000000243405
0.750000000231534
0.7500000002202419
0.7500000002095006
0.7500000001992831
0.750000000189564
0.7500000001803189
0.7500000001715246
0.7500000001631593
0.7500000001552019
0.7500000001476326
0.7500000001404324
0.7500000001335835
0.7500000001270686
0.7500000001208713
0.7500000001149764
0.750000000109369
0.7500000001040349
0.7500000000989611
0.7500000000941347
0.7500000000895437
0.7500000000851766
0.7500000000810225
0.750000000077071
0.7500000000733121
0.7500000000697367
0.7500000000663356
0.7500000000631004
0.750000000060023
0.7500000000570956
0.750000000054311
0.7500000000516622
0.7500000000491426
0.7500000000467459
0.7500000000444661
0.7500000000422975
0.7500000000402346
0.7500000000382723
0.7500000000364058
0.7500000000346302
0.7500000000329413
0.7500000000313347
0.7500000000298065
0.7500000000283529
0.7500000000269701
0.7500000000256547
0.7500000000244035
0.7500000000232133
0.7500000000220812
0.7500000000210043
0.7500000000199799
0.7500000000190055
0.7500000000180785
0.7500000000171969
0.7500000000163581
0.7500000000155603
0.7500000000148015
0.7500000000140796
0.750000000013393
0.7500000000127397
0.7500000000121184
0.7500000000115274
0.7500000000109652
0.7500000000104304
0.7500000000099217
0.7500000000094378
0.7500000000089776
0.7500000000085397
0.7500000000081232
0.750000000007727
0.7500000000073502
0.7500000000069917
0.7500000000066507
0.7500000000063264
0.7500000000060179
0.7500000000057243
0.7500000000054452
0.7500000000051796
0.750000000004927
0.7500000000046867
0.7500000000044581
0.7500000000042407
0.7500000000040339
0.7500000000038372
0.75000000000365
0.750000000003472
0.7500000000033027
0.7500000000031416
0.7500000000029884
0.7500000000028426
0.750000000002704
0.7500000000025722
0.7500000000024467
0.7500000000023274
0.7500000000022138
0.7500000000021059
0.7500000000020032
0.7500000000019055
0.7500000000018126
0.7500000000017242
0.75000000000164
0.7500000000015601
0.7500000000014839
0.7500000000014116
0.7500000000013428
0.7500000000012773
0.750000000001215
0.7500000000011557
0.7500000000010993
0.7500000000010457
0.7500000000009948
0.7500000000009462
0.7500000000009001
0.7500000000008562
0.7500000000008145
0.7500000000007747
0.750000000000737
0.750000000000701
0.7500000000006668
0.7500000000006343
0.7500000000006033
0.7500000000005739
0.7500000000005459
0.7500000000005193
0.7500000000004939
0.7500000000004698
0.750000000000447
0.7500000000004252
0.7500000000004045
0.7500000000003847
0.7500000000003659
0.750000000000348
0.7500000000003311
0.750000000000315
0.7500000000002996
0.750000000000285
0.7500000000002711
0.7500000000002579
0.7500000000002452
0.7500000000002334
0.7500000000002219
0.7500000000002112
0.7500000000002008
0.7500000000001911
0.7500000000001817
0.7500000000001729
0.7500000000001644
0.7500000000001564
0.7500000000001488
0.7500000000001416
0.7500000000001347
0.750000000000128
0.7500000000001218
0.7500000000001159
0.7500000000001102
0.7500000000001048
0.7500000000000997
0.7500000000000948
0.7500000000000903
0.7500000000000858
0.7500000000000816
0.7500000000000777
0.7500000000000738
0.7500000000000703
0.7500000000000668
0.7500000000000636
0.7500000000000605
0.7500000000000575
0.7500000000000547
0.7500000000000521
0.7500000000000495
0.7500000000000471
0.7500000000000449
0.7500000000000426
0.7500000000000405
0.7500000000000385
0.7500000000000366
0.7500000000000349
0.7500000000000332
0.7500000000000315
0.7500000000000301
0.7500000000000285
0.7500000000000272
0.7500000000000259
0.7500000000000246
0.7500000000000234
0.7500000000000222
0.7500000000000212
0.7500000000000201
0.7500000000000192
0.7500000000000182
0.7500000000000173
0.7500000000000164
0.7500000000000157
0.7500000000000149
0.7500000000000142
0.7500000000000135
0.7500000000000129
0.7500000000000122
0.7500000000000117
0.7500000000000111
0.7500000000000105
0.75000000000001
0.7500000000000095
0.750000000000009
0.7500000000000087
0.7500000000000082
0.7500000000000078
0.7500000000000074
0.750000000000007
0.7500000000000067
0.7500000000000063
0.7500000000000061
0.7500000000000058
0.7500000000000054
0.7500000000000052
0.750000000000005
0.7500000000000048
0.7500000000000044
0.7500000000000042
0.7500000000000041
0.7500000000000039
0.7500000000000037
0.7500000000000036
0.7500000000000033
0.7500000000000032
0.750000000000003
0.7500000000000029
0.7500000000000028
0.7500000000000026
0.7500000000000024
0.7500000000000023
0.7500000000000022
0.7500000000000021
0.750000000000002
0.7500000000000019
0.7500000000000018
0.7500000000000018
0.7500000000000017
0.7500000000000016
0.7500000000000014
0.7500000000000014
0.7500000000000013
0.7500000000000013
0.7500000000000012
0.7500000000000011
0.7500000000000011
0.750000000000001
0.750000000000001
0.750000000000001
0.7500000000000009
0.7500000000000009
0.7500000000000008
0.7500000000000008
0.7500000000000008
0.7500000000000007
0.7500000000000007
0.7500000000000007
0.7500000000000006
0.7500000000000006
0.7500000000000006
0.7500000000000006
0.7500000000000004
0.7500000000000004
0.7500000000000004
0.7500000000000004
0.7500000000000004
0.7500000000000003
0.7500000000000003
0.7500000000000003
0.7500000000000003
0.7500000000000003
0.7500000000000003
0.7500000000000003
0.7500000000000002
0.7500000000000002
0.7500000000000002
0.7500000000000002
0.7500000000000002
0.7500000000000002
0.7500000000000002
0.7500000000000002
0.7500000000000002
0.7500000000000002
0.7500000000000001
0.7500000000000001
0.7500000000000001
0.7500000000000001
0.7500000000000001
0.7500000000000001
0.7500000000000001
0.7500000000000001
0.7500000000000001
0.7500000000000001
0.7500000000000001
0.7500000000000001
0.7500000000000001
0.7500000000000001
0.7500000000000001
0.7500000000000001
0.7500000000000001
0.7500000000000001
0.7500000000000001
0.7500000000000001
0.7500000000000001
0.7500000000000001
0.75
0.75
0.75
0.75
0.75
0.75
0.75
0.75
0.75
0.75
0.75
0.75
0.75
0.75
0.75
0.75
0.75
0.75
0.75
0.75
0.75
0.75
0.75
0.75
0.75
0.75
0.75
0.75
0.75
0.75
0.75
0.75
0.75
0.75
0.75
0.75
0.75
0.75
0.75
0.75
0.75
0.75
0.75
0.75
0.75
0.75
0.75
0.75
0.75
0.75
0.75
0.75
0.75
0.75
0.75
0.75
0.75
0.75
0.75
0.75
0.75
0.75
0.75
0.75
0.75
0.75
0.75
0.75
0.75
0.75
0.75
0.75
0.75
0.75
0.75
0.75
0.75
0.75
0.75
0.75
0.75
0.75
0.75
0.75
0.75
0.75
0.75
0.75
0.75
0.75
0.75
0.75
0.75
0.75
0.75
0.75
0.75
0.75
0.75
0.75
0.75
0.75
0.75
0.75
0.75
0.75
0.75
0.75
0.75
0.75
0.75
0.75
0.75
0.75
0.75
0.75
0.75
0.75
0.75
0.75
0.75
0.75
0.75
0.75
0.75
0.75
0.75
0.75
0.75
0.75
0.75
0.75
0.75
0.75
0.75
0.75
0.75
0.75
0.75
0.75
0.75
0.75
0.75
0.75
0.75
0.75
0.75
0.75
0.75
0.75
0.75
0.75
0.75
0.75
0.75
0.75
0.75
0.75
0.75
0.75
0.75
0.75
0.75
0.75
0.75
0.75
0.75
0.75
0.75
0.75
0.75
0.75
0.75
0.75
0.75
0.75
0.75
0.75
0.75
0.75
0.75
0.75
0.75
0.75
0.75
0.75
0.75
0.75
0.75
0.75
0.75
0.75
0.75
0.75
0.75
0.75
0.75
0.75
0.75
0.75
0.75
0.75
0.75
0.75
0.75
0.75
0.75
0.75
0.75
0.75
0.75
0.75
0.75
0.75
0.75
0.75
0.75
0.75
0.75
0.75
0.75
0.75
0.75
0.75
0.75
0.75
0.75
0.75
0.75
0.75
0.75
0.75
0.75
0.75
0.75
0.75
0.75
0.75
0.75
0.75
0.75
0.75
0.75
0.75
0.75
0.75
0.75
0.75
0.75
0.75
0.75
0.75
0.75
0.75
0.75
0.75
0.75
0.75
0.75
0.75
0.75
0.75
0.75
0.75
0.75
0.75
0.75
0.75
0.75
0.75
0.75
0.75
0.75
0.75
0.75
0.75
0.75
0.75
0.75